
web's encontrados: 19
*En las posiciones:*
3201, 3437, 3477, 3581, 3835, 6414, 9722, 14266, 15059, 15918, 22219, 26713, 29980, 45095, 57615, 60900, 70631, 72589, 106962
website's encontrados: 15
*En las posiciones:*
3201, 3437, 3477, 3581, 3835, 6414, 14266, 15059, 15918, 22219, 29980, 45095, 57615, 70631, 72589
webpage's encontrados: 0
*En las posiciones:*

webmaster's encontrados: 0
*En las posiciones:*

ebay's encontrados: 32
*En las posiciones:*
2921, 32999, 46208, 46319, 47379, 47871, 51762, 53517, 53748, 54992, 56355, 56580, 57499, 60373, 61827, 62019, 62399, 62559, 63002, 63165, 63276, 63413, 63511, 67661, 67859, 68009, 68059, 68184, 68330, 68418, 68495, 72615
site's encontrados: 37
*En las posiciones:*
2876, 5859, 6168, 8228, 9639, 9726, 11491, 16075, 16402, 16726, 21852, 27004, 27598, 27919, 30194, 30261, 30618, 31135, 31283, 32251, 32396, 32455, 32985, 33142, 35871, 36494, 39336, 39391, 39560, 39629, 39752, 46411, 58337, 61654, 63157, 64730, 120320