
web's encontrados: 35
*En las posiciones:*
446, 2873, 3201, 3437, 3477, 3581, 3835, 5688, 5883, 6391, 7204, 8201, 9699, 14243, 15036, 15895, 22173, 26667, 29934, 45049, 49091, 57569, 60854, 63108, 64026, 64189, 68939, 70585, 72543, 101584, 106916, 109213, 109305, 109397, 113078
website's encontrados: 17
*En las posiciones:*
2873, 3201, 3437, 3477, 3581, 3835, 6391, 14243, 15036, 15895, 22173, 29934, 45049, 57569, 63108, 70585, 72543
webpage's encontrados: 0
*En las posiciones:*

webmaster's encontrados: 0
*En las posiciones:*

ebay's encontrados: 0
*En las posiciones:*

site's encontrados: 35
*En las posiciones:*
5836, 6145, 8205, 9616, 9703, 11468, 16052, 16379, 16703, 21806, 26958, 27552, 27873, 30148, 30215, 30572, 31089, 31237, 32205, 32350, 32409, 32939, 33096, 35825, 36448, 39290, 39345, 39514, 39583, 39706, 46365, 58291, 61608, 64684, 120274